# Clock anchors for the kernel log's boot-relative stamps (aifoundry2, dmesg read as the user on 28 Sep 2026 about 03:22 PDT):
# every audit record in the ring buffer, reduced to its boot-relative stamp and the epoch time the kernel wrote into it
# (seconds, UTC). Nothing else of those records is kept. kernel_events.py reads this file.
40656.522573 1789812054.407
40656.540510 1789812054.425
40656.548040 1789812054.433
51456.640280 1789822854.389
51456.667143 1789822854.415
51456.670970 1789822854.419
51456.678144 1789822854.426
62256.785794 1789833654.406
62256.803335 1789833654.423
62256.820026 1789833654.440
62256.826123 1789833654.446
73056.906768 1789844454.394
73056.912172 1789844454.399
73056.928700 1789844454.416
73056.934881 1789844454.422
83857.035423 1789855254.392
83857.036306 1789855254.393
83857.056017 1789855254.412
83857.063416 1789855254.420
94657.163038 1789866054.392
94657.170986 1789866054.400
94657.187378 1789866054.417
94657.189007 1789866054.418
105457.295084 1789876854.390
105457.302029 1789876854.397
105457.312637 1789876854.408
105457.322835 1789876854.418
116203.216902 1789887600.181
116257.440216 1789887654.403
116257.447793 1789887654.411
116257.459513 1789887654.423
116257.467803 1789887654.431
127057.563224 1789898454.399
127057.568516 1789898454.404
127057.575464 1789898454.411
127057.590527 1789898454.426
134118.942258 1789905515.688
134119.092337 1789905515.838
134119.270734 1789905516.017
134119.281426 1789905516.027
134119.290045 1789905516.036
134119.313248 1789905516.059
134119.316564 1789905516.062
134119.317223 1789905516.063
134119.317332 1789905516.063
134119.317392 1789905516.063
137857.688686 1789909254.391
137857.699764 1789909254.402
137857.714412 1789909254.417
137857.722337 1789909254.425
148657.828731 1789920054.401
148657.836272 1789920054.408
148657.839263 1789920054.411
148657.849424 1789920054.422
159457.955569 1789930854.401
159457.970510 1789930854.415
159457.987445 1789930854.432
159457.988980 1789930854.434
170258.103254 1789941654.407
170258.104089 1789941654.407
170258.116594 1789941654.420
170258.129661 1789941654.433
181058.229536 1789952454.405
181058.232034 1789952454.408
181058.240028 1789952454.416
181058.249931 1789952454.425
191858.347235 1789963254.398
191858.355164 1789963254.406
191858.363749 1789963254.414
191858.366439 1789963254.417
202604.371265 1789974000.290
202658.486341 1789974054.404
202658.499663 1789974054.418
202658.506869 1789974054.425
202658.511863 1789974054.430
213458.615330 1789984854.398
213458.636311 1789984854.419
213458.643011 1789984854.425
213458.649433 1789984854.432
224258.741504 1789995654.391
224258.760313 1789995654.410
224258.776547 1789995654.426
224258.778211 1789995654.428
235058.885364 1790006454.408
235058.891476 1790006454.414
235058.896846 1790006454.419
235058.904386 1790006454.427
245859.016876 1790017254.394
245859.034003 1790017254.411
245859.041537 1790017254.418
245859.055608 1790017254.432
246928.341978 1790018323.702
246928.445883 1790018323.806
246928.447656 1790018323.808
246928.484772 1790018323.845
246928.488276 1790018323.849
246928.784374 1790018324.145
246928.977435 1790018324.338
246928.994542 1790018324.355
246928.998331 1790018324.359
246928.998928 1790018324.359
256659.132959 1790028054.393
256659.149486 1790028054.410
256659.155701 1790028054.416
256659.159759 1790028054.420
267459.276946 1790038854.402
267459.284532 1790038854.409
267459.291296 1790038854.416
267459.298243 1790038854.423
275423.613069 1790046818.642
275423.755867 1790046818.785
275423.885212 1790046818.915
275423.935671 1790046818.965
275423.966736 1790046818.996
275423.994390 1790046819.024
275423.997622 1790046819.027
275423.998284 1790046819.028
275423.998483 1790046819.028
275423.998501 1790046819.028
278259.509635 1790049654.506
278259.509639 1790049654.506
278259.509656 1790049654.506
289005.353845 1790060400.220
289059.533274 1790060454.400
289059.539873 1790060454.407
299859.652449 1790071254.386
299859.658165 1790071254.391
302425.244583 1790073819.945
302425.244614 1790073819.945
302425.244628 1790073819.945
302425.244651 1790073819.945
302425.246643 1790073819.947
310659.810561 1790082054.411
310659.818021 1790082054.418
313199.103342 1790084593.672
313199.487796 1790084594.056
321459.924242 1790092854.394
321459.930165 1790092854.400
332260.050585 1790103654.388
332260.059602 1790103654.397
335164.868941 1790106559.194
343060.184563 1790114454.387
343060.192068 1790114454.394
345171.794162 1790116565.974
353860.311545 1790125254.390
353860.323654 1790125254.402
364660.454967 1790136054.396
364660.470517 1790136054.412
375406.405209 1790146800.220
375460.598482 1790146854.412
375460.606439 1790146854.420
386260.722423 1790157654.400
386260.729209 1790157654.407
397060.837233 1790168454.386
397060.852191 1790168454.401
407860.966317 1790179254.386
407860.971570 1790179254.391
418661.103471 1790190054.386
418661.119166 1790190054.402
423284.417358 1790194677.649
429461.248602 1790200854.402
429461.254722 1790200854.408
440261.364227 1790211654.385
440261.379753 1790211654.400
451061.508372 1790222454.396
451061.522352 1790222454.410
455427.999721 1790226820.836
455428.105514 1790226820.940
455428.106450 1790226820.941
455428.144389 1790226820.979
455428.147136 1790226820.982
455428.395375 1790226821.230
455428.587477 1790226821.422
455428.603105 1790226821.438
455428.606572 1790226821.441
455428.607210 1790226821.442
461807.462486 1790233200.219
461861.632966 1790233254.389
461861.653535 1790233254.409
472661.765691 1790244054.388
472661.787136 1790244054.410
483461.896660 1790254854.388
483461.911753 1790254854.403
494262.043080 1790265654.402
494262.048322 1790265654.408
505062.165039 1790276454.398
505062.171980 1790276454.405
509658.024583 1790281050.186
515862.313853 1790287254.414
515862.321483 1790287254.421
516784.764458 1790288176.856
517089.319542 1790288481.408
517089.319548 1790288481.408
517089.319550 1790288481.408
517119.751727 1790288511.840
517119.751731 1790288511.840
517142.668860 1790288534.757
517142.668865 1790288534.757
517144.735082 1790288536.823
517144.735087 1790288536.823
517144.795046 1790288536.883
517144.795051 1790288536.883
517144.795053 1790288536.883
517152.630880 1790288544.719
517152.630885 1790288544.719
517152.630887 1790288544.719
518595.745373 1790289987.812
523973.752079 1790295365.746
523974.097135 1790295366.091
524233.683661 1790295625.673
524234.013315 1790295626.003
524382.950769 1790295774.938
525167.972975 1790296559.949
525377.023634 1790296768.997
525479.820577 1790296871.792
525480.197158 1790296872.169
526017.085534 1790297409.061
526662.424627 1790298054.396
526662.428789 1790298054.400
529727.504929 1790301119.431
530427.689304 1790301819.606
531395.276323 1790302787.180
531886.151156 1790303278.050
532091.080299 1790303482.977
535859.187961 1790307251.041
535864.906819 1790307256.761
537462.563322 1790308854.390
537462.568733 1790308854.395
545255.332827 1790316647.064
545283.783056 1790316675.514
545484.793252 1790316876.522
545488.263661 1790316879.992
545488.340898 1790316880.069
545564.259702 1790316955.987
545564.261571 1790316955.989
545570.058464 1790316961.786
545570.060535 1790316961.788
545579.697762 1790316971.425
545579.700468 1790316971.428
545646.210610 1790317037.937
545646.213106 1790317037.939
545692.711789 1790317084.437
545692.714196 1790317084.440
545747.616644 1790317139.342
545747.618557 1790317139.343
545790.404698 1790317182.129
545790.406601 1790317182.131
545792.250308 1790317183.975
545792.252278 1790317183.977
546428.459377 1790317820.184
546428.461413 1790317820.186
546464.836818 1790317856.562
546464.838804 1790317856.564
546501.502318 1790317893.227
546501.504372 1790317893.229
546537.890062 1790317929.615
546537.892306 1790317929.617
546582.365939 1790317974.091
546582.367795 1790317974.093
546619.225026 1790318010.951
546619.227069 1790318010.953
546655.465457 1790318047.190
546655.469777 1790318047.194
546703.483598 1790318095.208
546703.485443 1790318095.210
547294.512794 1790318686.234
547294.559500 1790318686.280
547691.929577 1790319083.647
547692.020587 1790319083.737
547904.355077 1790319296.071
547904.355082 1790319296.071
547912.712728 1790319304.428
548208.500320 1790319600.217
548243.479164 1790319635.197
548262.659899 1790319654.378
548356.936328 1790319748.655
552456.780313 1790323848.453
555829.641166 1790327221.243
556390.944876 1790327782.540
556390.946865 1790327782.542
558527.921072 1790329919.500
558635.996470 1790330027.574
558635.998135 1790330027.576
559028.701671 1790330420.277
559062.823279 1790330454.398
569862.939303 1790341254.397
569862.947182 1790341254.405
575187.654456 1790346579.020
575684.704373 1790347076.065
575684.725502 1790347076.086
575791.574678 1790347182.934
576905.045499 1790348296.391
576905.045513 1790348296.391
576905.046143 1790348296.392
576905.146692 1790348296.492
577352.319433 1790348743.663
577352.701538 1790348744.045
577353.065739 1790348744.410
577353.152265 1790348744.496
577695.120872 1790349086.460
577695.120878 1790349086.460
577695.121146 1790349086.461
577695.143711 1790349086.483
580663.083013 1790352054.386
580663.088994 1790352054.392
581434.750130 1790352826.049
581707.557671 1790353098.854
583575.440445 1790354966.708
583575.856242 1790354967.123
583742.530051 1790355133.794
583742.530056 1790355133.794
586278.122358 1790357669.357
586278.124052 1790357669.359
586313.324769 1790357704.559
586313.326476 1790357704.561
591463.215410 1790362854.385
591463.241047 1790362854.411
598036.455254 1790369427.549
599104.427799 1790370495.510
599104.428160 1790370495.510
599104.428706 1790370495.511
599104.436687 1790370495.519
599105.295863 1790370496.378
599105.296224 1790370496.378
599105.296790 1790370496.379
599105.305392 1790370496.387
599125.666883 1790370516.750
599125.667218 1790370516.750
599125.667777 1790370516.751
599125.675805 1790370516.759
599125.818225 1790370516.901
599125.818545 1790370516.901
599125.819121 1790370516.902
599125.827235 1790370516.910
599216.145321 1790370607.227
599216.145647 1790370607.227
599216.146248 1790370607.228
599216.154205 1790370607.236
599216.301731 1790370607.383
599216.302104 1790370607.384
599216.302647 1790370607.384
599216.311767 1790370607.394
599472.443235 1790370863.521
599472.443655 1790370863.521
599472.444308 1790370863.522
599472.453032 1790370863.531
599473.330467 1790370864.408
599473.330775 1790370864.409
599473.331327 1790370864.409
599473.339800 1790370864.418
602263.355466 1790373654.398
602263.361116 1790373654.404
605122.109539 1790376513.117
605122.109544 1790376513.117
605122.129753 1790376513.137
605122.129759 1790376513.137
605126.361455 1790376517.369
605126.361460 1790376517.369
605126.379737 1790376517.387
605126.379743 1790376517.387
605690.607767 1790377081.609
605690.607773 1790377081.609
605690.623388 1790377081.624
605690.623393 1790377081.624
605692.297220 1790377083.298
605692.297225 1790377083.298
605692.312603 1790377083.314
605692.312608 1790377083.314
605693.335843 1790377084.337
605693.335848 1790377084.337
605696.103243 1790377087.104
605696.103245 1790377087.104
605696.123921 1790377087.125
605696.123925 1790377087.125
605697.762578 1790377088.763
605697.762586 1790377088.763
605697.778778 1790377088.780
605697.778782 1790377088.780
606620.378977 1790378011.369
606645.860521 1790378036.851
607255.945660 1790378646.930
607273.657103 1790378664.640
607273.657108 1790378664.640
607774.884680 1790379165.858
607774.884686 1790379165.858
607793.422246 1790379184.395
607793.422252 1790379184.395
607904.782303 1790379295.752
607904.814501 1790379295.784
607904.819430 1790379295.789
607905.634279 1790379296.604
607905.635242 1790379296.605
607905.636150 1790379296.606
607905.637072 1790379296.607
607905.638248 1790379296.608
607905.638284 1790379296.608
607905.638651 1790379296.608
607923.906455 1790379314.879
607924.582578 1790379315.555
607924.604088 1790379315.576
607924.733214 1790379315.705
607924.747869 1790379315.720
607924.891513 1790379315.864
607924.891520 1790379315.864
607924.894143 1790379315.866
607924.906259 1790379315.878
607924.918265 1790379315.890
607929.923739 1790379320.896
607934.559467 1790379325.532
607935.640404 1790379326.612
607936.108521 1790379327.081
607936.119784 1790379327.092
607936.120006 1790379327.092
607936.123066 1790379327.095
607936.127114 1790379327.099
607936.141757 1790379327.114
607936.144621 1790379327.117
607936.287417 1790379327.259
607936.370124 1790379327.342
607941.221848 1790379332.194
607941.551490 1790379332.520
607941.551498 1790379332.520
607941.551501 1790379332.520
607941.551504 1790379332.521
607941.551506 1790379332.521
607941.551508 1790379332.521
607941.551510 1790379332.521
607941.551513 1790379332.522
607941.552477 1790379332.524
607967.198846 1790379358.170
607977.692103 1790379368.664
613009.470135 1790384400.386
613009.964568 1790384400.879
613010.473733 1790384401.388
613010.963578 1790384401.878
613011.472264 1790384402.387
613063.437643 1790384454.352
613063.973469 1790384454.887
613064.471401 1790384455.385
613064.964289 1790384455.878
613065.462542 1790384456.377
623863.569598 1790395254.349
623863.575698 1790395254.355
623864.103524 1790395254.883
623864.115662 1790395254.895
623864.607553 1790395255.387
623864.619617 1790395255.399
623865.101243 1790395255.881
623865.105925 1790395255.885
623865.602008 1790395256.382
623865.606342 1790395256.386
634609.485357 1790406000.133
634609.524711 1790406000.173
634609.981063 1790406000.629
634610.481976 1790406001.130
634610.987446 1790406001.635
634611.482031 1790406002.130
634663.703246 1790406054.350
634664.238888 1790406054.886
634664.733902 1790406055.381
634665.238898 1790406055.886
634665.731236 1790406056.378
645463.835747 1790416854.350
645463.848277 1790416854.363
645464.373777 1790416854.888
645464.380344 1790416854.895
645464.874352 1790416855.389
645464.878606 1790416855.393
645465.365369 1790416855.880
645465.370191 1790416855.885
645465.870708 1790416856.385
645465.879111 1790416856.394
656263.965325 1790427654.348
656263.980693 1790427654.363
656264.504846 1790427654.887
656264.510515 1790427654.893
656265.000419 1790427655.383
656265.013122 1790427655.396
656265.498423 1790427655.881
656265.503352 1790427655.886
656266.000980 1790427656.383
656266.008326 1790427656.391
667064.100113 1790438454.351
667064.112671 1790438454.363
667064.636437 1790438454.887
667064.650261 1790438454.901
667065.131356 1790438455.382
667065.136770 1790438455.387
667065.629865 1790438455.880
667065.637068 1790438455.888
667066.129845 1790438456.380
667066.136825 1790438456.387
677864.230103 1790449254.349
677864.234836 1790449254.354
677864.769058 1790449254.888
677864.773913 1790449254.893
677865.274928 1790449255.394
677865.280586 1790449255.399
677865.768629 1790449255.888
677865.773080 1790449255.892
677866.266970 1790449256.386
677866.270804 1790449256.390
688664.368039 1790460054.355
688664.375090 1790460054.362
688664.894418 1790460054.882
688664.901987 1790460054.889
688665.401116 1790460055.388
688665.409261 1790460055.396
688665.892301 1790460055.879
688665.899202 1790460055.886
688666.394281 1790460056.381
688666.398294 1790460056.385
699464.492844 1790470854.348
699464.499933 1790470854.355
699465.026485 1790470854.882
699465.041066 1790470854.896
699465.538488 1790470855.394
699465.543107 1790470855.398
699466.026138 1790470855.881
699466.030137 1790470855.885
699466.524914 1790470856.380
699466.532243 1790470856.387
710264.630347 1790481654.354
710264.637594 1790481654.361
710265.163678 1790481654.887
710265.177591 1790481654.901
710265.657410 1790481655.381
710265.671978 1790481655.395
710266.158248 1790481655.882
710266.163427 1790481655.887
710266.657503 1790481656.381
710266.662048 1790481656.385
721010.601547 1790492400.194
721064.763174 1790492454.355
721064.771088 1790492454.363
721065.290767 1790492454.882
721065.314770 1790492454.906
721065.799359 1790492455.391
721065.805568 1790492455.397
721066.302663 1790492455.894
721066.307019 1790492455.899
721066.788146 1790492456.380
721066.793149 1790492456.385
731864.894145 1790503254.354
731864.898487 1790503254.358
731865.428405 1790503254.888
731865.432877 1790503254.893
731865.927513 1790503255.387
731865.933859 1790503255.394
731866.421758 1790503255.882
731866.426263 1790503255.887
731866.920570 1790503256.381
731866.927649 1790503256.388
742665.021486 1790514054.349
742665.037927 1790514054.366
742665.578411 1790514054.906
742665.582751 1790514054.911
742666.064052 1790514055.392
742666.068539 1790514055.396
742666.557139 1790514055.885
742666.565778 1790514055.894
742667.057560 1790514056.385
742667.062994 1790514056.391
753465.160109 1790524854.356
753465.164336 1790524854.360
753465.686235 1790524854.882
753465.691684 1790524854.888
753466.188210 1790524855.384
753466.200678 1790524855.397
753466.684392 1790524855.880
753466.691376 1790524855.887
753467.183114 1790524856.379
753467.189972 1790524856.386
764257.714150 1790535646.778
764258.078015 1790535647.142
764258.568813 1790535647.633
764259.072840 1790535648.137
764259.563519 1790535648.628
764265.281866 1790535654.346
764265.821129 1790535654.885
764266.315691 1790535655.380
764266.812196 1790535655.876
764267.313966 1790535656.378
775065.423445 1790546454.356
775065.427822 1790546454.361
775065.950363 1790546454.883
775065.955604 1790546454.889
775066.448606 1790546455.382
775066.461167 1790546455.394
775066.948731 1790546455.882
775066.954561 1790546455.888
775067.449770 1790546456.383
775067.454009 1790546456.387
785834.486067 1790557223.288
785834.828036 1790557223.630
785835.325426 1790557224.127
785835.841870 1790557224.644
785836.327002 1790557225.129
785865.559103 1790557254.361
785866.086804 1790557254.888
785866.590549 1790557255.392
785867.078574 1790557255.880
785867.579223 1790557256.381
796641.625371 1790568030.296
796641.967729 1790568030.638
796642.463509 1790568031.135
796642.957719 1790568031.629
796643.467863 1790568032.140
796665.676452 1790568054.347
796666.219097 1790568054.890
796666.714913 1790568055.385
796667.207414 1790568055.878
796667.706737 1790568056.377
807411.609634 1790578800.149
807423.646808 1790578812.186
807424.092494 1790578812.632
807424.594686 1790578813.134
807425.091821 1790578813.631
807425.607346 1790578814.147
807465.823439 1790578854.363
807466.360487 1790578854.900
807466.854261 1790578855.393
807467.351830 1790578855.891
807467.852824 1790578856.392
818266.040332 1790589654.448
818266.055546 1790589654.463
818266.500655 1790589654.908
818266.754202 1790589655.162
818267.004640 1790589655.412
818267.255047 1790589655.662
818267.496603 1790589655.904
818267.740730 1790589656.148
818267.979357 1790589656.387
818268.258476 1790589656.666
